$ 1 0.000005 10.20027730826997 50 5 43 5e-11
a 16 16 128 16 8 5 0 1000000 2.443558347098186 2.443581105381822 100000
r 16 -48 128 -48 0 12000
R -240 -32 -240 -80 0 0 40 4.5 0 0 0.5
174 -240 -32 -240 96 1 100 0.005 Resistance
w -224 32 -144 32 0
r -144 0 16 0 0 10000
r 16 32 -144 32 0 10000
R -144 0 -144 -80 0 0 40 0.5 0 0 0.5
w 16 0 16 -48 0
w 128 -48 128 16 0
w 128 16 208 16 0
r 16 32 16 96 0 12000
g 16 96 16 128 0 0
r 208 16 208 96 0 1000
g 208 96 208 128 0 0
p -144 32 -144 96 1 0 0
p 208 16 304 64 1 0 0
R -240 96 -240 144 0 0 40 0.5 0 0 0.5
