$ 1 0.000005 10.20027730826997 50 5 43 5e-11
401 240 96 336 96 1 8\s15\s-15\s1000000\s1.924692690910658\s4.376573088092933\s100000 0\s20\s10000000000 1\s0
t 384 96 416 96 0 1 -11.926927666105872 0.06044543773688191 100 default
w 384 96 336 96 0
R 336 -48 336 -80 0 0 40 12 0 0 0.5
r 336 32 336 -48 0 3300
w 336 -48 416 -48 0
w 416 -48 416 80 0
r 416 112 416 176 0 1000
g 416 240 416 272 0 0
w 336 32 336 96 0
r 336 32 208 32 0 47000
w 240 112 208 112 0
w 208 112 208 32 0
r 208 32 208 -48 0 47000
w 208 -48 336 -48 0
r 208 112 208 176 0 11000
g 208 176 208 192 0 0
172 64 48 64 0 0 7 137 200 20 0 0.5 Voltage
r 64 48 64 112 0 100000
r 64 112 64 176 0 3300
g 64 176 64 192 0 0
w 64 112 240 80 0
162 416 176 416 240 2 default-led 1 0 0 0.01
